[Variables]
blobifier = {'current_blobs': 0, 'last_shake': 0}
mmu__revision = 13256
mmu_calibration_bowden_home = 'encoder'
mmu_calibration_bowden_lengths = [958.5, 958.5, 958.5, 958.5, 958.5, 958.5]
mmu_calibration_clog_length = 10.1
mmu_encoder_resolution = 0.97561
mmu_gear_rotation_distances = [23.151681, 22.922946, 23.142235, 23.189488, 23.161127, 22.868189]
mmu_selector_bypass = 132.505
mmu_selector_offsets = [3.9, 26.9, 49.9, 72.9, 95.8, 118.8]
